1,0,12
2,12,12
3,24,575
4,599,55
5,654,675
6,1329,81
7,1410,25
8,1435,17
9,1452,30
10,1482,34
11,1516,115
12,1631,35
13,1666,30
14,1696,42
15,1738,66
16,1804,38
17,1842,177
18,2019,101
19,2120,496
20,2616,50
21,2666,94
22,2760,116
23,2876,63
24,2939,14
25,2953,61
26,3014,35
27,3049,27
28,3076,118
29,3194,44
30,3238,31
31,3269,43
32,3312,14
33,3326,40
34,3366,14
35,3380,208
36,3588,23
37,3611,40
38,3651,134
39,3785,14
40,3799,14
41,3813,14
42,3827,22
43,3849,60
44,3909,14
45,3923,84
46,4007,14
47,4021,23
48,4044,298
49,4342,84
50,4426,75
51,4501,42
52,4543,40
53,4583,83
54,4666,149
55,4815,40
56,4855,168
57,5023,77
58,5100,47
59,5147,143
60,5290,1556
61,6846,23
62,6869,219
63,7088,481
64,7569,23
65,7592,15
66,7607,164
67,7771,437
68,8208,80
69,8288,39
70,8327,66
71,8393,15
72,8408,32
73,8440,88
74,8528,40
75,8568,36
76,8604,112
77,8716,15
78,8731,24
79,8755,66
80,8821,173
81,8994,24
82,9018,138
83,9156,177
84,9333,23
85,9356,15
86,9371,56
87,9427,15
88,9442,104
89,9546,23
90,9569,134
91,9703,41
92,9744,15
93,9759,19
94,9778,38
95,9816,15
96,9831,15
97,9846,116
98,9962,64
99,10026,33
100,10059,108
101,10167,42
102,10209,29
103,10238,34
104,10272,34
105,10306,95
106,10401,75
107,10476,92
108,10568,16
109,10584,34
110,10618,16
111,10634,54
112,10688,32
113,10720,16
114,10736,140
115,10876,36
116,10912,16
117,10928,180
118,11108,95
119,11203,16
120,11219,103
121,11322,24
122,11346,40
123,11386,183
124,11569,49
125,11618,46
126,11664,58
127,11722,16
128,11738,38
129,11776,47
130,11823,108
131,11931,115
132,12046,24
133,12070,16
134,12086,16
135,12102,101
136,12203,189
137,12392,112
138,12504,16
139,12520,79
140,12599,25
141,12624,28
142,12652,37
143,12689,58
144,12747,33
145,12780,187
146,12967,56
147,13023,159
148,13182,647
149,13829,16
150,13845,60
151,13905,25
152,13930,42
153,13972,25
154,13997,49
155,14046,58
156,14104,28
157,14132,175
158,14307,33
159,14340,16
160,14356,25
161,14381,115
162,14496,93
163,14589,116
164,14705,25
165,14730,45
166,14775,77
167,14852,38
168,14890,49
169,14939,42
170,14981,16
171,14997,57
172,15054,268
173,15322,42
174,15364,144
175,15508,236
176,15744,48
177,15792,55
178,15847,24
179,15871,145
180,16016,25
181,16041,16
182,16057,16
183,16073,50
184,16123,16
185,16139,16
186,16155,67
187,16222,62
188,16284,16
189,16300,16
190,16316,109
191,16425,67
192,16492,24
193,16516,25
194,16541,16
195,16557,38
196,16595,20
197,16615,120
198,16735,33
199,16768,16
200,16784,47
201,16831,113
202,16944,16
203,16960,50
204,17010,242
205,17252,394
206,17646,84
207,17730,16
208,17746,32
209,17778,16
210,17794,45
211,17839,24
212,17863,28
213,17891,257
214,18148,90
215,18238,51
216,18289,16
217,18305,24
218,18329,29
219,18358,51
220,18409,16
221,18425,342
222,18767,96
223,18863,34
224,18897,231
225,19128,174
226,19302,142
227,19444,34
228,19478,34
229,19512,349
230,19861,115
231,19976,97
232,20073,42
233,20115,25
234,20140,96
235,20236,42
236,20278,52
237,20330,51
238,20381,25
239,20406,113
240,20519,86
241,20605,71
242,20676,79
243,20755,16
244,20771,141
245,20912,53
246,20965,131
247,21096,68
248,21164,34
249,21198,16
250,21214,16
251,21230,16
252,21246,16
253,21262,64
254,21326,37
255,21363,197
256,21560,99
257,21659,36
258,21695,16
259,21711,113
260,21824,41
261,21865,28
262,21893,40
263,21933,16
264,21949,25
265,21974,221
266,22195,16
267,22211,41
268,22252,36
269,22288,28
270,22316,16
271,22332,110
272,22442,75
273,22517,49
274,22566,25
275,22591,16
276,22607,53
277,22660,143
278,22803,16
279,22819,16
280,22835,24
281,22859,111
282,22970,24
283,22994,16
284,23010,43
285,23053,16
286,23069,16
287,23085,16
288,23101,158
289,23259,16
290,23275,118
291,23393,16
292,23409,82
293,23491,37
294,23528,16
295,23544,53
296,23597,25
297,23622,38
298,23660,106
299,23766,103
300,23869,80
301,23949,29
302,23978,85
303,24063,16
304,24079,50
305,24129,166
306,24295,104
307,24399,33
308,24432,16
309,24448,16
310,24464,16
311,24480,43
312,24523,57
313,24580,65
314,24645,33
315,24678,16
316,24694,32
317,24726,42
318,24768,161
319,24929,33
320,24962,41
321,25003,29
322,25032,42
323,25074,95
324,25169,88
325,25257,16
326,25273,16
327,25289,16
328,25305,16
329,25321,83
330,25404,34
331,25438,16
332,25454,16
333,25470,123
334,25593,16
335,25609,50
336,25659,157
337,25816,16
338,25832,28
339,25860,25
340,25885,54
341,25939,16
342,25955,25
343,25980,73
344,26053,16
345,26069,152
346,26221,24
347,26245,180
348,26425,67
349,26492,25
350,26517,42
351,26559,41
352,26600,448
353,27048,161
354,27209,41
355,27250,56
356,27306,102
357,27408,25
358,27433,36
359,27469,16
360,27485,16
361,27501,164
362,27665,135
363,27800,25
364,27825,16
365,27841,16
366,27857,61
367,27918,58
368,27976,26
369,28002,36
370,28038,31
371,28069,30
372,28099,26
373,28125,26
374,28151,129
375,28280,34
376,28314,17
377,28331,26
378,28357,157
379,28514,26
380,28540,17
381,28557,250
382,28807,17
383,28824,55
384,28879,134
385,29013,15
386,29028,58
387,29086,24
388,29110,16
389,29126,60
390,29186,83
391,29269,25
392,29294,52
393,29346,94
394,29440,37
395,29477,67
396,29544,54
397,29598,40
398,29638,53
399,29691,16
400,29707,16
401,29723,61
402,29784,47
403,29831,16
404,29847,60
405,29907,20
406,29927,66
407,29993,40
408,30033,58
409,30091,16
410,30107,61
411,30168,33
412,30201,74
413,30275,61
414,30336,16
415,30352,17
416,30369,33
417,30402,17
418,30419,39
419,30458,21
420,30479,34
421,30513,139
422,30652,86
423,30738,17
424,30755,17
425,30772,17
426,30789,17
427,30806,66
428,30872,124
429,30996,213
430,31209,41
431,31250,17
432,31267,39
433,31306,50
434,31356,17
435,31373,65
436,31438,17
437,31455,17
438,31472,33
439,31505,68
440,31573,30
441,31603,17
442,31620,30
443,31650,94
444,31744,17
445,31761,65
446,31826,34
447,31860,33
448,31893,25
449,31918,33
450,31951,17
451,31968,54
452,32022,21
453,32043,17
454,32060,34
455,32094,52
456,32146,17
457,32163,79
458,32242,153
459,32395,26
460,32421,43
461,32464,222
462,32686,68
463,32754,96
464,32850,37
465,32887,43
466,32930,25
467,32955,52
468,33007,17
469,33024,17
470,33041,68
471,33109,17
472,33126,34
473,33160,17
474,33177,21
475,33198,26
476,33224,64
477,33288,17
478,33305,57
479,33362,32
480,33394,17
481,33411,17
482,33428,26
483,33454,17
484,33471,17
485,33488,56
486,33544,69
487,33613,59
488,33672,61
489,33733,17
490,33750,25
491,33775,17
492,33792,33
493,33825,104
494,33929,60
495,33989,17
496,34006,38
497,34044,17
498,34061,17
499,34078,34
500,34112,26
501,34138,50
502,34188,29
503,34217,86
504,34303,192
505,34495,79
506,34574,21
507,34595,75
508,34670,17
509,34687,85
510,34772,52
511,34824,55
512,34879,116
513,34995,81
514,35076,26
515,35102,43
516,35145,26
517,35171,26
518,35197,210
519,35407,34
520,35441,30
521,35471,96
522,35567,33
523,35600,24
524,35624,231
525,35855,26
526,35881,17
527,35898,59
528,35957,174
529,36131,63
530,36194,17
531,36211,34
532,36245,39
533,36284,25
534,36309,54
535,36363,50
536,36413,17
537,36430,102
538,36532,17
539,36549,78
540,36627,79
541,36706,21
542,36727,26
543,36753,71
544,36824,34
545,36858,57
546,36915,115
547,37030,17
548,37047,25
549,37072,62
550,37134,17
551,37151,52
552,37203,17
553,37220,17
554,37237,86
555,37323,308
556,37631,128
557,37759,17
558,37776,173
559,37949,35
560,37984,34
561,38018,52
562,38070,244
563,38314,50
564,38364,74
565,38438,25
566,38463,17
567,38480,130
568,38610,60
569,38670,17
570,38687,43
571,38730,88
572,38818,17
573,38835,17
574,38852,25
575,38877,103
576,38980,24
577,39004,26
578,39030,65
579,39095,17
580,39112,97
581,39209,120
582,39329,63
583,39392,17
584,39409,140
585,39549,94
586,39643,17
587,39660,190
588,39850,42
589,39892,17
590,39909,220
591,40129,25
592,40154,88
593,40242,26
594,40268,50
595,40318,25
596,40343,17
597,40360,52
598,40412,157
599,40569,30
600,40599,17
601,40616,197
602,40813,30
603,40843,35
604,40878,17
605,40895,17
606,40912,174
607,41086,385
608,41471,381
609,41852,97
610,41949,71
611,42020,16
612,42036,120
613,42156,445
614,42601,342
615,42943,119
616,43062,107
617,43169,178
618,43347,25
619,43372,16
620,43388,108
621,43496,25
622,43521,19
623,43540,60
624,43600,204
625,43804,16
626,43820,50
627,43870,25
628,43895,16
629,43911,25
630,43936,60
631,43996,25
632,44021,16
633,44037,20
634,44057,16
635,44073,67
636,44140,217
637,44357,47
638,44404,16
639,44420,17
640,44437,17
641,44454,26
642,44480,17
643,44497,44
644,44541,76
645,44617,60
646,44677,147
647,44824,151
648,44975,97
649,45072,26
650,45098,112
651,45210,37
652,45247,136
653,45383,200
654,45583,167
655,45750,44
656,45794,55
657,45849,101
658,45950,26
659,45976,25
660,46001,25
661,46026,25
662,46051,44
663,46095,150
664,46245,17
665,46262,21
666,46283,17
667,46300,17
668,46317,17
669,46334,65
670,46399,26
671,46425,21
672,46446,60
673,46506,98
674,46604,70
675,46674,198
676,46872,25
677,46897,17
678,46914,115
679,47029,91
680,47120,35
681,47155,17
682,47172,85
683,47257,99
684,47356,151
685,47507,368
686,47875,15
687,47890,15
688,47905,62
689,47967,196
690,48163,87
691,48250,68
692,48318,150
693,48468,15
694,48483,56
695,48539,31
696,48570,70
697,48640,67
698,48707,15
699,48722,15
700,48737,86
701,48823,73
702,48896,37
703,48933,15
704,48948,15
705,48963,32
706,48995,54
707,49049,115
708,49164,37
709,49201,15
710,49216,113
711,49329,16
712,49345,42
713,49387,130
714,49517,16
715,49533,355
716,49888,68
717,49956,42
718,49998,72
719,50070,28
720,50098,20
721,50118,162
722,50280,37
723,50317,87
724,50404,253
725,50657,20
726,50677,33
727,50710,46
728,50756,69
729,50825,16
730,50841,33
731,50874,33
732,50907,16
733,50923,57
734,50980,60
735,51040,25
736,51065,16
737,51081,34
738,51115,41
739,51156,16
740,51172,156
741,51328,33
742,51361,44
743,51405,118
744,51523,38
745,51561,41
746,51602,20
747,51622,16
748,51638,16
749,51654,45
750,51699,16
751,51715,16
752,51731,16
753,51747,44
754,51791,43
755,51834,16
756,51850,16
757,51866,25
758,51891,97
759,51988,37
760,52025,241
761,52266,47
762,52313,16
763,52329,16
764,52345,16
765,52361,25
766,52386,106
767,52492,16
768,52508,149
769,52657,101
770,52758,16
771,52774,25
772,52799,16
773,52815,16
774,52831,129
775,52960,74
776,53034,16
777,53050,16
778,53066,121
779,53187,16
780,53203,152
781,53355,25
782,53380,59
783,53439,67
784,53506,16
785,53522,16
786,53538,16
787,53554,70
788,53624,16
789,53640,16
790,53656,66
791,53722,152
792,53874,66
793,53940,20
794,53960,205
795,54165,33
796,54198,38
797,54236,105
798,54341,66
799,54407,25
800,54432,16
801,54448,16
802,54464,16
803,54480,29
804,54509,16
805,54525,56
806,54581,25
807,54606,24
808,54630,182
809,54812,16
810,54828,16
811,54844,68
812,54912,42
813,54954,40
814,54994,16
815,55010,16
816,55026,34
817,55060,84
818,55144,16
819,55160,41
820,55201,16
821,55217,77
822,55294,16
823,55310,41
824,55351,28
825,55379,16
826,55395,221
827,55616,119
828,55735,25
829,55760,16
830,55776,24
831,55800,23
832,55823,152
833,55975,105
834,56080,16
835,56096,64
836,56160,16
837,56176,48
838,56224,33
839,56257,38
840,56295,42
841,56337,43
842,56380,33
843,56413,16
844,56429,69
845,56498,102
846,56600,25
847,56625,16
848,56641,16
849,56657,25
850,56682,16
851,56698,131
852,56829,70
853,56899,62
854,56961,15
855,56976,60
856,57036,28
857,57064,16
858,57080,32
859,57112,23
860,57135,19
861,57154,74
862,57228,230
863,57458,28
864,57486,71
865,57557,118
866,57675,24
867,57699,61
868,57760,101
869,57861,16
870,57877,25
871,57902,41
872,57943,16
873,57959,16
874,57975,34
875,58009,75
876,58084,76
877,58160,86
878,58246,156
879,58402,16
880,58418,20
881,58438,46
882,58484,32
883,58516,16
884,58532,20
885,58552,20
886,58572,52
887,58624,41
888,58665,16
889,58681,64
890,58745,16
891,58761,40
892,58801,44
893,58845,16
894,58861,25
895,58886,16
896,58902,52
897,58954,25
898,58979,263
899,59242,72
900,59314,60
901,59374,51
902,59425,79
903,59504,54
904,59558,76
905,59634,16
906,59650,17
907,59667,17
908,59684,64
909,59748,37
910,59785,17
911,59802,29
912,59831,17
913,59848,110
914,59958,17
915,59975,78
916,60053,60
917,60113,60
918,60173,17
919,60190,17
920,60207,17
921,60224,52
922,60276,17
923,60293,26
924,60319,102
925,60421,17
926,60438,17
927,60455,17
928,60472,21
929,60493,17
930,60510,17
931,60527,57
932,60584,24
933,60608,17
934,60625,44
935,60669,17
936,60686,17
937,60703,17
938,60720,17
939,60737,17
940,60754,17
941,60771,109
942,60880,62
943,60942,61
944,61003,17
945,61020,47
946,61067,100
947,61167,170
948,61337,67
949,61404,17
950,61421,67
951,61488,34
952,61522,25
953,61547,64
954,61611,34
955,61645,17
956,61662,46
957,61708,17
958,61725,55
959,61780,38
960,61818,43
961,61861,17
962,61878,25
963,61903,132
964,62035,21
965,62056,52
966,62108,34
967,62142,34
968,62176,77
969,62253,17
970,62270,17
971,62287,52
972,62339,17
973,62356,17
974,62373,46
975,62419,73
976,62492,17
977,62509,37
978,62546,17
979,62563,33
980,62596,25
981,62621,21
982,62642,17
983,62659,17
984,62676,17
985,62693,215
986,62908,17
987,62925,17
988,62942,17
989,62959,17
990,62976,26
991,63002,192
992,63194,49
993,63243,26
994,63269,17
995,63286,25
996,63311,61
997,63372,17
998,63389,55
999,63444,21
1000,63465,56
1001,63521,18
1002,63539,18
1003,63557,18
1004,63575,51
1005,63626,18
1006,63644,57
1007,63701,101
1008,63802,18
1009,63820,127
1010,63947,18
1011,63965,18
1012,63983,18
1013,64001,31
1014,64032,36
1015,64068,62
1016,64130,122
1017,64252,105
1018,64357,18
1019,64375,86
1020,64461,25
1021,64486,43
1022,64529,18
1023,64547,18
1024,64565,18
1025,64583,18
1026,64601,30
1027,64631,18
1028,64649,27
1029,64676,18
1030,64694,18
1031,64712,18
1032,64730,107
1033,64837,18
1034,64855,18
1035,64873,18
1036,64891,18
1037,64909,26
1038,64935,18
1039,64953,48
1040,65001,42
1041,65043,38
1042,65081,27
1043,65108,27
1044,65135,18
1045,65153,31
1046,65184,18
1047,65202,18
1048,65220,69
1049,65289,18
1050,65307,34
1051,65341,45
1052,65386,18
1053,65404,18
1054,65422,52
1055,65474,18
1056,65492,64
1057,65556,18
1058,65574,36
1059,65610,18
1060,65628,45
1061,65673,36
1062,65709,63
1063,65772,69
1064,65841,83
1065,65924,55
1066,65979,61
1067,66040,18
1068,66058,18
1069,66076,40
1070,66116,18
1071,66134,117
1072,66251,27
1073,66278,158
1074,66436,18
1075,66454,36
1076,66490,135
1077,66625,91
1078,66716,75
1079,66791,94
1080,66885,49
1081,66934,18
1082,66952,107
1083,67059,224
1084,67283,18
1085,67301,77
1086,67378,27
1087,67405,87
1088,67492,18
1089,67510,44
1090,67554,83
1091,67637,18
1092,67655,73
1093,67728,18
1094,67746,18
1095,67764,44
1096,67808,18
1097,67826,18
1098,67844,22
1099,67866,99
1100,67965,73
1101,68038,98
1102,68136,43
1103,68179,52
1104,68231,45
1105,68276,43
1106,68319,65
1107,68384,27
1108,68411,18
1109,68429,63
1110,68492,107
1111,68599,25
1112,68624,44
1113,68668,77
1114,68745,45
1115,68790,639
1116,69429,88
1117,69517,210
1118,69727,30
1119,69757,71
1120,69828,26
1121,69854,26
1122,69880,30
1123,69910,17
1124,69927,228
1125,70155,48
1126,70203,38
1127,70241,26
1128,70267,44
1129,70311,60
1130,70371,39
1131,70410,47
1132,70457,27
1133,70484,27
1134,70511,116
1135,70627,77
1136,70704,18
1137,70722,18
1138,70740,39
1139,70779,71
1140,70850,27
1141,70877,36
1142,70913,27
1143,70940,27
1144,70967,31
1145,70998,70
1146,71068,42
1147,71110,18
1148,71128,26
1149,71154,22
1150,71176,52
1151,71228,192
1152,71420,36
1153,71456,27
1154,71483,27
1155,71510,270
1156,71780,62
1157,71842,34
1158,71876,34
1159,71910,18
1160,71928,26
1161,71954,160
1162,72114,18
1163,72132,45
1164,72177,18
1165,72195,73
1166,72268,22
1167,72290,102
1168,72392,18
1169,72410,31
1170,72441,26
1171,72467,46
1172,72513,75
1173,72588,52
1174,72640,27
1175,72667,83
1176,72750,31
1177,72781,69
1178,72850,126
1179,72976,53
1180,73029,34
1181,73063,32
1182,73095,59
1183,73154,50
1184,73204,42
1185,73246,90
1186,73336,26
1187,73362,30
1188,73392,62
1189,73454,44
1190,73498,67
1191,73565,67
1192,73632,17
1193,73649,42
1194,73691,137
1195,73828,33
1196,73861,46
1197,73907,47
1198,73954,36
1199,73990,50
1200,74040,25
1201,74065,33
1202,74098,59
1203,74157,34
1204,74191,30
1205,74221,53
1206,74274,135
1207,74409,18
1208,74427,29
1209,74456,150
1210,74606,50
1211,74656,89
1212,74745,18
1213,74763,29
1214,74792,22
1215,74814,22
1216,74836,102
1217,74938,36
1218,74974,48
1219,75022,27
1220,75049,27
1221,75076,27
1222,75103,22
1223,75125,18
1224,75143,27
1225,75170,66
1226,75236,26
1227,75262,61
1228,75323,140
1229,75463,115
1230,75578,177
1231,75755,56
1232,75811,81
1233,75892,26
1234,75918,18
1235,75936,31
1236,75967,27
1237,75994,48
1238,76042,18
1239,76060,35
1240,76095,31
1241,76126,36
1242,76162,228
1243,76390,27
1244,76417,35
1245,76452,128
1246,76580,71
1247,76651,18
1248,76669,67
1249,76736,52
1250,76788,52
1251,76840,18
1252,76858,39
1253,76897,114
1254,77011,139
1255,77150,63
1256,77213,30
1257,77243,38
1258,77281,18
1259,77299,42
1260,77341,18
1261,77359,27
1262,77386,79
1263,77465,156
1264,77621,18
1265,77639,27
1266,77666,71
1267,77737,122
1268,77859,18
1269,77877,26
1270,77903,26
1271,77929,26
1272,77955,27
1273,77982,66
1274,78048,136
1275,78184,18
1276,78202,35
1277,78237,178
1278,78415,58
1279,78473,27
1280,78500,31
1281,78531,75
1282,78606,57
1283,78663,61
1284,78724,29
1285,78753,45
1286,78798,46
1287,78844,181
1288,79025,151
1289,79176,35
1290,79211,34
1291,79245,38
1292,79283,41
1293,79324,124
1294,79448,105
1295,79553,47
1296,79600,25
1297,79625,29
1298,79654,41
1299,79695,17
1300,79712,51
1301,79763,26
1302,79789,26
1303,79815,42
1304,79857,78
1305,79935,97
1306,80032,49
1307,80081,27
1308,80108,35
1309,80143,18
1310,80161,18
1311,80179,18
1312,80197,18
1313,80215,26
1314,80241,30
1315,80271,36
1316,80307,49
1317,80356,26
1318,80382,18
1319,80400,26
1320,80426,18
1321,80444,43
1322,80487,132
1323,80619,39
1324,80658,27
1325,80685,43
1326,80728,65
1327,80793,39
1328,80832,18
1329,80850,18
1330,80868,26
1331,80894,35
1332,80929,18
1333,80947,18
1334,80965,43
1335,81008,31
1336,81039,64
1337,81103,76
1338,81179,93
1339,81272,71
1340,81343,35
1341,81378,73
1342,81451,66
1343,81517,99
1344,81616,39
1345,81655,36
1346,81691,50
1347,81741,36
1348,81777,35
1349,81812,90
1350,81902,18
1351,81920,22
1352,81942,102
1353,82044,33
1354,82077,113
1355,82190,44
1356,82234,18
1357,82252,22
1358,82274,18
1359,82292,18
1360,82310,18
1361,82328,107
1362,82435,55
1363,82490,18
1364,82508,44
1365,82552,18
1366,82570,74
1367,82644,18
1368,82662,27
1369,82689,40
1370,82729,18
1371,82747,27
1372,82774,72
1373,82846,113
1374,82959,27
1375,82986,53
1376,83039,59
1377,83098,58
1378,83156,27
1379,83183,18
1380,83201,18
1381,83219,73
1382,83292,27
1383,83319,27
1384,83346,53
1385,83399,35
1386,83434,18
1387,83452,102
1388,83554,27
1389,83581,27
1390,83608,18
1391,83626,25
1392,83651,18
1393,83669,18
1394,83687,59
1395,83746,18
1396,83764,18
1397,83782,103
1398,83885,136
1399,84021,32
1400,84053,47
1401,84100,42
1402,84142,41
1403,84183,61
1404,84244,30
1405,84274,26
1406,84300,21
1407,84321,21
1408,84342,21
1409,84363,74
1410,84437,111
1411,84548,17
1412,84565,17
1413,84582,39
1414,84621,17
1415,84638,30
1416,84668,25
1417,84693,17
1418,84710,77
1419,84787,24
1420,84811,45
1421,84856,41
1422,84897,142
1423,85039,58
1424,85097,27
1425,85124,18
1426,85142,18
1427,85160,26
1428,85186,65
1429,85251,56
1430,85307,65
1431,85372,35
1432,85407,35
1433,85442,59
1434,85501,57
1435,85558,44
1436,85602,69
1437,85671,108
1438,85779,64
1439,85843,18
1440,85861,18
1441,85879,18
1442,85897,18
1443,85915,29
1444,85944,140
1445,86084,18
1446,86102,80
1447,86182,18
1448,86200,36
1449,86236,18
1450,86254,27
1451,86281,18
1452,86299,57
1453,86356,63
1454,86419,28
1455,86447,46
1456,86493,40
1457,86533,62
1458,86595,47
1459,86642,49
1460,86691,17
1461,86708,57
1462,86765,37
1463,86802,17
1464,86819,17
1465,86836,62
1466,86898,53
1467,86951,33
1468,86984,26
1469,87010,21
1470,87031,18
1471,87049,52
1472,87101,25
1473,87126,33
1474,87159,18
1475,87177,18
1476,87195,18
1477,87213,27
1478,87240,26
1479,87266,52
1480,87318,22
1481,87340,135
1482,87475,18
1483,87493,38
1484,87531,18
1485,87549,18
1486,87567,35
1487,87602,22
1488,87624,26
1489,87650,31
1490,87681,26
1491,87707,69
1492,87776,18
1493,87794,83
1494,87877,18
1495,87895,29
1496,87924,18
1497,87942,53
1498,87995,25
1499,88020,138
1500,88158,44
1501,88202,84
1502,88286,39
1503,88325,18
1504,88343,82
1505,88425,49
1506,88474,35
1507,88509,44
1508,88553,61
1509,88614,108
1510,88722,44
1511,88766,42
1512,88808,18
1513,88826,18
1514,88844,18
1515,88862,18
1516,88880,27
1517,88907,35
1518,88942,27
1519,88969,36
1520,89005,18
1521,89023,69
1522,89092,18
1523,89110,75
1524,89185,34
1525,89219,28
1526,89247,130
1527,89377,17
1528,89394,20
1529,89414,52
1530,89466,61
1531,89527,61
1532,89588,61
1533,89649,106
1534,89755,82
1535,89837,69
1536,89906,39
1537,89945,45
1538,89990,184
1539,90174,44
1540,90218,17
1541,90235,46
1542,90281,26
1543,90307,64
1544,90371,53
1545,90424,17
1546,90441,18
1547,90459,18
1548,90477,18
1549,90495,18
1550,90513,34
1551,90547,18
1552,90565,18
1553,90583,27
1554,90610,18
1555,90628,40
1556,90668,18
1557,90686,26
1558,90712,35
1559,90747,27
1560,90774,18
1561,90792,18
1562,90810,73
1563,90883,18
1564,90901,27
1565,90928,18
1566,90946,42
1567,90988,44
1568,91032,34
1569,91066,18
1570,91084,18
1571,91102,48
1572,91150,56
1573,91206,52
1574,91258,40
1575,91298,18
1576,91316,26
1577,91342,36
1578,91378,56
1579,91434,27
1580,91461,51
1581,91512,18
1582,91530,18
1583,91548,70
1584,91618,161
1585,91779,105
1586,91884,18
1587,91902,26
1588,91928,48
1589,91976,18
1590,91994,18
1591,92012,27
1592,92039,18
1593,92057,35
1594,92092,124
1595,92216,26
1596,92242,88
1597,92330,35
1598,92365,18
1599,92383,27
1600,92410,35
1601,92445,18
1602,92463,76
1603,92539,44
1604,92583,18
1605,92601,18
1606,92619,35
1607,92654,40
1608,92694,18
1609,92712,43
1610,92755,27
1611,92782,18
1612,92800,60
1613,92860,117
1614,92977,16
1615,92993,16
1616,93009,29
1617,93038,17
1618,93055,61
1619,93116,183
1620,93299,99
1621,93398,17
1622,93415,36
1623,93451,28
1624,93479,41
1625,93520,40
1626,93560,17
1627,93577,38
1628,93615,61
1629,93676,28
1630,93704,138
1631,93842,62
1632,93904,89
1633,93993,148
1634,94141,91
1635,94232,26
1636,94258,41
1637,94299,50
1638,94349,129
1639,94478,42
1640,94520,39
1641,94559,64
1642,94623,27
1643,94650,34
1644,94684,18
1645,94702,30
1646,94732,47
1647,94779,42
1648,94821,59
1649,94880,36
1650,94916,18
1651,94934,55
1652,94989,56
1653,95045,97
1654,95142,75
1655,95217,27
1656,95244,26
1657,95270,18
1658,95288,22
1659,95310,58
1660,95368,18
1661,95386,22
1662,95408,26
1663,95434,27
1664,95461,27
1665,95488,182
1666,95670,18
1667,95688,18
1668,95706,18
1669,95724,18
1670,95742,18
1671,95760,18
1672,95778,60
1673,95838,22
1674,95860,18
1675,95878,26
1676,95904,22
1677,95926,22
1678,95948,62
1679,96010,42
1680,96052,69
1681,96121,35
1682,96156,40
1683,96196,44
1684,96240,18
1685,96258,26
1686,96284,18
1687,96302,40
1688,96342,22
1689,96364,18
1690,96382,26
1691,96408,45
1692,96453,18
1693,96471,39
1694,96510,35
1695,96545,36
1696,96581,27
1697,96608,18
1698,96626,43
1699,96669,18
1700,96687,18
1701,96705,134
1702,96839,60
1703,96899,27
1704,96926,18
1705,96944,50
1706,96994,52
1707,97046,79
1708,97125,108
1709,97233,71
1710,97304,18
1711,97322,18
1712,97340,47
1713,97387,18
1714,97405,48
1715,97453,18
1716,97471,36
1717,97507,18
1718,97525,26
1719,97551,18
1720,97569,26
1721,97595,25
1722,97620,18
1723,97638,35
1724,97673,35
1725,97708,27
1726,97735,37
1727,97772,15
1728,97787,19
1729,97806,15
1730,97821,15
1731,97836,16
1732,97852,39
1733,97891,16
1734,97907,16
1735,97923,16
1736,97939,16
1737,97955,40
1738,97995,20
1739,98015,50
1740,98065,23
1741,98088,42
1742,98130,16
1743,98146,34
1744,98180,16
1745,98196,16
1746,98212,90
1747,98302,64
1748,98366,16
1749,98382,20
1750,98402,16
1751,98418,16
1752,98434,17
1753,98451,17
1754,98468,17
1755,98485,17
1756,98502,17
1757,98519,17
1758,98536,48
1759,98584,17
1760,98601,17
1761,98618,34
1762,98652,17
1763,98669,25
1764,98694,17
1765,98711,17
1766,98728,17
1767,98745,17
1768,98762,43
1769,98805,34
1770,98839,17
1771,98856,17
1772,98873,17
1773,98890,47
1774,98937,25
1775,98962,81
1776,99043,25
1777,99068,21
1778,99089,25
1779,99114,68
1780,99182,110
1781,99292,17
1782,99309,43
1783,99352,17
1784,99369,21
1785,99390,34
1786,99424,17
1787,99441,59
1788,99500,17
1789,99517,17
1790,99534,17
1791,99551,65
1792,99616,17
1793,99633,17
1794,99650,17
1795,99667,17
1796,99684,17
1797,99701,69
1798,99770,34
1799,99804,17
1800,99821,26
1801,99847,42
1802,99889,72
1803,99961,17
1804,99978,42
1805,100020,17
1806,100037,41
1807,100078,21
1808,100099,43
1809,100142,21
1810,100163,34
1811,100197,17
1812,100214,68
1813,100282,17
1814,100299,25
1815,100324,33
1816,100357,38
1817,100395,43
1818,100438,66
1819,100504,17
1820,100521,60
1821,100581,33
1822,100614,17
1823,100631,35
1824,100666,17
1825,100683,33
1826,100716,17
1827,100733,17
1828,100750,43
1829,100793,48
1830,100841,52
1831,100893,65
1832,100958,17
1833,100975,17
1834,100992,17
1835,101009,17
1836,101026,48
1837,101074,17
1838,101091,21
1839,101112,49
1840,101161,26
1841,101187,35
1842,101222,38
1843,101260,35
1844,101295,17
1845,101312,17
1846,101329,47
1847,101376,21
1848,101397,17
1849,101414,17
1850,101431,17
1851,101448,17
1852,101465,26
1853,101491,17
1854,101508,17
1855,101525,26
1856,101551,17
1857,101568,39
1858,101607,17
1859,101624,17
1860,101641,34
1861,101675,54
1862,101729,51
1863,101780,34
1864,101814,17
1865,101831,75
1866,101906,33
1867,101939,35
1868,101974,37
1869,102011,64
1870,102075,17
1871,102092,17
1872,102109,17
1873,102126,17
1874,102143,17
1875,102160,17
1876,102177,25
1877,102202,17
1878,102219,17
1879,102236,103
1880,102339,17
1881,102356,39
1882,102395,24
1883,102419,58
1884,102477,63
1885,102540,28
1886,102568,28
1887,102596,40
1888,102636,25
1889,102661,28
1890,102689,25
1891,102714,25
1892,102739,32
1893,102771,72
1894,102843,44
1895,102887,25
1896,102912,122
1897,103034,42
1898,103076,20
1899,103096,79
1900,103175,65
1901,103240,24
1902,103264,47
1903,103311,25
1904,103336,38
1905,103374,17
1906,103391,17
1907,103408,26
1908,103434,17
1909,103451,17
1910,103468,24
1911,103492,17
1912,103509,21
1913,103530,50
1914,103580,50
1915,103630,17
1916,103647,17
1917,103664,17
1918,103681,17
1919,103698,17
1920,103715,26
1921,103741,17
1922,103758,17
1923,103775,34
1924,103809,17
1925,103826,30
1926,103856,36
1927,103892,17
1928,103909,17
1929,103926,30
1930,103956,29
1931,103985,34
1932,104019,17
1933,104036,17
1934,104053,17
1935,104070,17
1936,104087,59
1937,104146,33
1938,104179,17
1939,104196,59
1940,104255,61
1941,104316,26
1942,104342,17
1943,104359,17
1944,104376,25
1945,104401,17
1946,104418,35
1947,104453,17
1948,104470,34
1949,104504,68
1950,104572,26
1951,104598,34
1952,104632,41
1953,104673,23
1954,104696,45
1955,104741,26
1956,104767,32
1957,104799,25
1958,104824,20
1959,104844,30
1960,104874,46
1961,104920,33
1962,104953,21
1963,104974,53
1964,105027,17
1965,105044,90
1966,105134,25
1967,105159,53
1968,105212,17
1969,105229,53
1970,105282,29
1971,105311,27
1972,105338,27
1973,105365,45
1974,105410,18
1975,105428,40
1976,105468,149
1977,105617,60
1978,105677,44
1979,105721,78
1980,105799,45
1981,105844,31
1982,105875,18
1983,105893,18
1984,105911,18
1985,105929,27
1986,105956,63
1987,106019,15
1988,106034,36
1989,106070,104
1990,106174,29
1991,106203,39
1992,106242,68
1993,106310,24
1994,106334,32
1995,106366,79
1996,106445,16
1997,106461,20
1998,106481,28
1999,106509,38
2000,106547,33
2001,106580,24
2002,106604,16
2003,106620,28
2004,106648,17
2005,106665,29
2006,106694,17
2007,106711,17
2008,106728,45
2009,106773,17
2010,106790,28
2011,106818,33
2012,106851,17
2013,106868,37
2014,106905,17
2015,106922,42
2016,106964,21
2017,106985,21
2018,107006,17
2019,107023,17
2020,107040,17
2021,107057,17
2022,107074,17
2023,107091,46
2024,107137,73
2025,107210,44
2026,107254,34
2027,107288,33
2028,107321,33
2029,107354,35
2030,107389,17
2031,107406,86
2032,107492,26
2033,107518,38
2034,107556,17
2035,107573,17
2036,107590,51
2037,107641,59
2038,107700,42
2039,107742,34
2040,107776,56
2041,107832,17
2042,107849,60
2043,107909,33
2044,107942,17
2045,107959,17
2046,107976,83
2047,108059,25
2048,108084,17
2049,108101,17
2050,108118,26
2051,108144,24
2052,108168,17
2053,108185,35
2054,108220,26
2055,108246,25
2056,108271,43
2057,108314,97
2058,108411,17
2059,108428,17
2060,108445,21
2061,108466,39
2062,108505,43
2063,108548,34
2064,108582,17
2065,108599,67
2066,108666,35
2067,108701,25
2068,108726,17
2069,108743,34
2070,108777,17
2071,108794,35
2072,108829,17
2073,108846,35
2074,108881,25
2075,108906,30
2076,108936,17
2077,108953,17
2078,108970,17
2079,108987,17
2080,109004,47
2081,109051,26
2082,109077,17
2083,109094,17
2084,109111,17
2085,109128,17
2086,109145,21
2087,109166,17
2088,109183,17
2089,109200,34
2090,109234,17
2091,109251,39
2092,109290,34
2093,109324,44
2094,109368,44
2095,109412,17
2096,109429,25
2097,109454,17
2098,109471,17
2099,109488,17
2100,109505,61
2101,109566,26
2102,109592,21
2103,109613,46
2104,109659,17
2105,109676,34
2106,109710,17
2107,109727,26
2108,109753,42
2109,109795,17
2110,109812,17
2111,109829,43
2112,109872,17
2113,109889,66
2114,109955,17
2115,109972,61
2116,110033,25
2117,110058,17
2118,110075,21
2119,110096,47
2120,110143,70
2121,110213,17
2122,110230,80
2123,110310,21
2124,110331,21
2125,110352,17
2126,110369,17
2127,110386,72
2128,110458,17
2129,110475,48
2130,110523,44
2131,110567,22
2132,110589,22
2133,110611,18
2134,110629,56
2135,110685,27
2136,110712,26
2137,110738,53
2138,110791,91
2139,110882,18
2140,110900,105
2141,111005,18
2142,111023,18
2143,111041,22
2144,111063,44
2145,111107,27
2146,111134,18
2147,111152,18
2148,111170,18
2149,111188,27
2150,111215,18
2151,111233,58
2152,111291,26
2153,111317,39
2154,111356,34
2155,111390,18
2156,111408,43
2157,111451,48
2158,111499,33
2159,111532,27
2160,111559,18
2161,111577,18
2162,111595,37
2163,111632,43
2164,111675,18
2165,111693,35
2166,111728,18
2167,111746,18
2168,111764,48
2169,111812,27
2170,111839,18
2171,111857,43
2172,111900,30
2173,111930,18
2174,111948,95
2175,112043,18
2176,112061,35
2177,112096,18
2178,112114,69
2179,112183,27
2180,112210,154
2181,112364,47
2182,112411,39
2183,112450,45
2184,112495,18
2185,112513,15
2186,112528,15
2187,112543,25
2188,112568,25
2189,112593,16
2190,112609,16
2191,112625,16
2192,112641,16
2193,112657,16
2194,112673,16
2195,112689,16
2196,112705,20
2197,112725,27
2198,112752,19
2199,112771,16
2200,112787,16
2201,112803,16
2202,112819,24
2203,112843,16
2204,112859,26
2205,112885,25
2206,112910,17
2207,112927,21
2208,112948,44
2209,112992,17
2210,113009,30
2211,113039,17
2212,113056,35
2213,113091,17
2214,113108,26
2215,113134,17
2216,113151,17
2217,113168,17
2218,113185,74
2219,113259,17
2220,113276,49
2221,113325,17
2222,113342,35
2223,113377,17
2224,113394,60
2225,113454,21
2226,113475,17
2227,113492,25
2228,113517,33
2229,113550,17
2230,113567,46
2231,113613,26
2232,113639,17
2233,113656,62
2234,113718,26
2235,113744,17
2236,113761,17
2237,113778,17
2238,113795,17
2239,113812,25
2240,113837,52
2241,113889,71
2242,113960,44
2243,114004,17
2244,114021,26
2245,114047,17
2246,114064,27
2247,114091,26
2248,114117,26
2249,114143,30
2250,114173,21
2251,114194,25
2252,114219,35
2253,114254,55
2254,114309,33
2255,114342,17
2256,114359,35
2257,114394,17
2258,114411,26
2259,114437,29
2260,114466,29
2261,114495,29
2262,114524,114
2263,114638,34
2264,114672,40
2265,114712,43
2266,114755,53
2267,114808,35
2268,114843,21
2269,114864,41
2270,114905,21
2271,114926,17
2272,114943,66
2273,115009,17
2274,115026,33
2275,115059,17
2276,115076,17
2277,115093,17
2278,115110,17
2279,115127,41
2280,115168,30
2281,115198,26
2282,115224,45
2283,115269,18
2284,115287,18
2285,115305,50
2286,115355,18
2287,115373,18
2288,115391,18
2289,115409,18
2290,115427,86
2291,115513,18
2292,115531,18
2293,115549,18
2294,115567,65
2295,115632,27
2296,115659,68
2297,115727,18
2298,115745,27
2299,115772,18
2300,115790,18
2301,115808,18
2302,115826,18
2303,115844,18
2304,115862,27
2305,115889,18
2306,115907,18
2307,115925,18
2308,115943,27
2309,115970,27
2310,115997,18
2311,116015,52
2312,116067,18
2313,116085,27
2314,116112,18
2315,116130,26
2316,116156,18
2317,116174,35
2318,116209,18
2319,116227,18
2320,116245,18
2321,116263,18
2322,116281,18
2323,116299,18
2324,116317,18
2325,116335,69
2326,116404,30
2327,116434,36
2328,116470,18
2329,116488,18
2330,116506,18
2331,116524,18
2332,116542,18
2333,116560,27
2334,116587,39
2335,116626,17
2336,116643,34
2337,116677,47
2338,116724,26
2339,116750,17
2340,116767,26
2341,116793,17
2342,116810,34
2343,116844,21
2344,116865,54
2345,116919,90
2346,117009,17
2347,117026,17
2348,117043,65
2349,117108,17
2350,117125,17
2351,117142,17
2352,117159,17
2353,117176,43
2354,117219,35
2355,117254,18
2356,117272,18
2357,117290,18
2358,117308,40
2359,117348,18
2360,117366,18
2361,117384,57
2362,117441,38
2363,117479,18
2364,117497,18
2365,117515,18
2366,117533,18
2367,117551,22
2368,117573,18
2369,117591,22
2370,117613,18
2371,117631,18
2372,117649,18
2373,117667,18
2374,117685,18
2375,117703,18
2376,117721,18
2377,117739,18
2378,117757,18
2379,117775,18
2380,117793,78
2381,117871,18
2382,117889,43
2383,117932,22
2384,117954,27
2385,117981,18
2386,117999,18
2387,118017,53
2388,118070,18
2389,118088,26
2390,118114,18
2391,118132,52
2392,118184,27
2393,118211,62
2394,118273,27
2395,118300,18
2396,118318,18
2397,118336,18
2398,118354,18
2399,118372,18
2400,118390,27
2401,118417,18
2402,118435,16
2403,118451,20
2404,118471,17
2405,118488,34
2406,118522,33
2407,118555,70
2408,118625,55
2409,118680,21
2410,118701,30
2411,118731,17
2412,118748,59
2413,118807,21
2414,118828,163
2415,118991,18
2416,119009,31
2417,119040,27
2418,119067,22
2419,119089,93
2420,119182,18
2421,119200,18
2422,119218,26
2423,119244,26
2424,119270,18
2425,119288,43
2426,119331,72
2427,119403,18
2428,119421,18
2429,119439,34
2430,119473,18
2431,119491,18
2432,119509,27
2433,119536,43
2434,119579,18
2435,119597,18
2436,119615,27
2437,119642,35
2438,119677,18
2439,119695,18
2440,119713,18
2441,119731,35
2442,119766,77
2443,119843,18
2444,119861,36
2445,119897,27
2446,119924,27
2447,119951,18
2448,119969,27
2449,119996,18
2450,120014,18
2451,120032,27
2452,120059,55
2453,120114,18
2454,120132,18
2455,120150,34
2456,120184,18
2457,120202,18
2458,120220,18
2459,120238,26
2460,120264,26
2461,120290,34
2462,120324,18
2463,120342,18
2464,120360,18
2465,120378,36
2466,120414,18
2467,120432,38
2468,120470,18
2469,120488,18
2470,120506,44
2471,120550,26
2472,120576,18
2473,120594,18
2474,120612,18
2475,120630,27
2476,120657,56
2477,120713,38
2478,120751,25
2479,120776,17
2480,120793,24
2481,120817,21
2482,120838,37
2483,120875,38
2484,120913,17
2485,120930,17
2486,120947,21
2487,120968,17
2488,120985,34
2489,121019,18
2490,121037,90
2491,121127,63
2492,121190,18
2493,121208,18
2494,121226,34
2495,121260,18
2496,121278,18
2497,121296,22
2498,121318,26
2499,121344,22
2500,121366,26
2501,121392,27
2502,121419,18
2503,121437,18
2504,121455,18
2505,121473,59
2506,121532,36
2507,121568,22
2508,121590,18
2509,121608,35
2510,121643,18
2511,121661,18
2512,121679,60
2513,121739,18
2514,121757,18
2515,121775,25
2516,121800,18
2517,121818,22
2518,121840,18
2519,121858,18
2520,121876,18
2521,121894,49
2522,121943,18
2523,121961,41
2524,122002,26
2525,122028,18
2526,122046,18
2527,122064,18
2528,122082,65
2529,122147,36
2530,122183,48
2531,122231,17
2532,122248,48
2533,122296,21
2534,122317,53
2535,122370,25
2536,122395,65
2537,122460,17
2538,122477,17
2539,122494,46
2540,122540,44
2541,122584,30
2542,122614,18
2543,122632,52
2544,122684,18
2545,122702,18
2546,122720,22
2547,122742,27
2548,122769,18
2549,122787,18
2550,122805,18
2551,122823,26
2552,122849,26
2553,122875,26
2554,122901,18
2555,122919,18
2556,122937,18
2557,122955,40
2558,122995,18
2559,123013,26
2560,123039,34
2561,123073,18
2562,123091,31
2563,123122,26
2564,123148,18
2565,123166,82
2566,123248,27
2567,123275,29
2568,123304,18
2569,123322,49
2570,123371,33
2571,123404,18
2572,123422,18
2573,123440,25
2574,123465,18
2575,123483,18
2576,123501,26
2577,123527,28
2578,123555,17
2579,123572,17
2580,123589,49
2581,123638,30
2582,123668,40
2583,123708,17
2584,123725,17
2585,123742,29
2586,123771,26
2587,123797,30
2588,123827,17
2589,123844,17
2590,123861,17
2591,123878,39
2592,123917,17
2593,123934,17
2594,123951,18
2595,123969,34
2596,124003,18
2597,124021,18
2598,124039,18
2599,124057,38
2600,124095,38
2601,124133,18
2602,124151,18
2603,124169,31
2604,124200,27
2605,124227,27
2606,124254,35
2607,124289,18
2608,124307,18
2609,124325,18
2610,124343,42
2611,124385,43
2612,124428,31
2613,124459,20
2614,124479,16
2615,124495,30
2616,124525,17
2617,124542,21
2618,124563,21
2619,124584,34
2620,124618,38
2621,124656,26
2622,124682,25
2623,124707,17
2624,124724,66
2625,124790,17
2626,124807,24
2627,124831,17
2628,124848,17
2629,124865,17
2630,124882,25
2631,124907,17
2632,124924,26
2633,124950,18
2634,124968,18
2635,124986,33
2636,125019,29
2637,125048,18
2638,125066,18
2639,125084,18
2640,125102,26
2641,125128,36
2642,125164,18
2643,125182,18
2644,125200,18
2645,125218,36
2646,125254,18
2647,125272,18
2648,125290,18
2649,125308,18
2650,125326,18
2651,125344,26
2652,125370,22
2653,125392,52
2654,125444,18
2655,125462,26
2656,125488,39
2657,125527,18
2658,125545,18
2659,125563,30
2660,125593,22
2661,125615,30
2662,125645,35
2663,125680,18
2664,125698,18
2665,125716,18
2666,125734,26
2667,125760,29
2668,125789,26
2669,125815,18
2670,125833,26
2671,125859,82
2672,125941,18
2673,125959,18
2674,125977,18
2675,125995,18
2676,126013,18
2677,126031,18
2678,126049,18
2679,126067,39
2680,126106,22
2681,126128,18
2682,126146,27
2683,126173,18
2684,126191,22
2685,126213,18
2686,126231,18
2687,126249,22
2688,126271,18
2689,126289,22
2690,126311,18
2691,126329,18
2692,126347,18
2693,126365,18
2694,126383,18
2695,126401,18
2696,126419,18
2697,126437,18
2698,126455,18
2699,126473,18
2700,126491,18
2701,126509,18
2702,126527,18
2703,126545,18
2704,126563,18
2705,126581,22
2706,126603,22
2707,126625,18
2708,126643,18
2709,126661,22
2710,126683,30
2711,126713,18
2712,126731,44
2713,126775,18
2714,126793,22
2715,126815,18
2716,126833,18
2717,126851,18
2718,126869,18
2719,126887,18
2720,126905,18
2721,126923,22
2722,126945,18
2723,126963,18
2724,126981,27
2725,127008,18
2726,127026,18
2727,127044,18
2728,127062,18
2729,127080,18
2730,127098,26
2731,127124,18
2732,127142,18
2733,127160,18
2734,127178,27
2735,127205,18
2736,127223,25
2737,127248,25
2738,127273,56
2739,127329,48
2740,127377,46
2741,127423,17
2742,127440,45
2743,127485,17
2744,127502,17
2745,127519,17
2746,127536,34
2747,127570,24
2748,127594,17
2749,127611,29
2750,127640,17
2751,127657,43
2752,127700,52
2753,127752,25
2754,127777,17
2755,127794,26
2756,127820,45
2757,127865,18
2758,127883,26
2759,127909,44
2760,127953,45
2761,127998,31
2762,128029,18
2763,128047,22
2764,128069,18
2765,128087,27
2766,128114,22
2767,128136,18
2768,128154,18
2769,128172,26
2770,128198,18
2771,128216,18
2772,128234,18
2773,128252,18
2774,128270,27
2775,128297,18
2776,128315,26
2777,128341,18
2778,128359,18
2779,128377,63
2780,128440,18
2781,128458,18
2782,128476,18
2783,128494,46
2784,128540,61
2785,128601,82
2786,128683,54
2787,128737,27
2788,128764,18
2789,128782,35
2790,128817,18
2791,128835,27
2792,128862,42
2793,128904,28
2794,128932,17
2795,128949,21
2796,128970,17
2797,128987,21
2798,129008,26
2799,129034,25
2800,129059,25
2801,129084,38
2802,129122,17
2803,129139,33
2804,129172,26
2805,129198,38
2806,129236,17
2807,129253,17
2808,129270,17
2809,129287,17
2810,129304,18
2811,129322,18
2812,129340,18
2813,129358,22
2814,129380,18
2815,129398,18
2816,129416,27
2817,129443,18
2818,129461,18
2819,129479,18
2820,129497,18
2821,129515,18
2822,129533,18
2823,129551,38
2824,129589,54
2825,129643,18
2826,129661,27
2827,129688,18
2828,129706,18
2829,129724,35
2830,129759,26
2831,129785,26
2832,129811,26
2833,129837,26
2834,129863,37
2835,129900,61
2836,129961,26
2837,129987,47
2838,130034,26
2839,130060,26
2840,130086,35
2841,130121,30
2842,130151,26
2843,130177,51
2844,130228,17
2845,130245,27
2846,130272,27
2847,130299,18
2848,130317,18
2849,130335,18
2850,130353,27
2851,130380,18
2852,130398,18
2853,130416,34
2854,130450,26
2855,130476,25
2856,130501,35
2857,130536,31
2858,130567,18
2859,130585,57
2860,130642,27
2861,130669,18
2862,130687,18
2863,130705,27
2864,130732,18
2865,130750,18
2866,130768,35
2867,130803,18
2868,130821,18
2869,130839,27
2870,130866,22
2871,130888,18
2872,130906,18
2873,130924,18
2874,130942,18
2875,130960,18
2876,130978,18
2877,130996,18
2878,131014,41
2879,131055,27
2880,131082,18
2881,131100,26
2882,131126,22
2883,131148,18
2884,131166,18
2885,131184,18
2886,131202,26
2887,131228,18
2888,131246,53
2889,131299,18
2890,131317,45
2891,131362,18
2892,131380,18
2893,131398,27
2894,131425,18
2895,131443,18
2896,131461,53
2897,131514,18
2898,131532,26
2899,131558,18
2900,131576,22
2901,131598,18
2902,131616,18
2903,131634,30
2904,131664,18
2905,131682,18
2906,131700,18
2907,131718,18
2908,131736,18
2909,131754,18
2910,131772,18
2911,131790,53
2912,131843,41
2913,131884,26
2914,131910,18
2915,131928,27
2916,131955,18
2917,131973,42
2918,132015,18
2919,132033,26
2920,132059,78
2921,132137,27
2922,132164,31
2923,132195,26
2924,132221,48
2925,132269,26
2926,132295,33
2927,132328,25
2928,132353,25
2929,132378,54
2930,132432,17
2931,132449,54
2932,132503,17
2933,132520,25
2934,132545,17
2935,132562,17
2936,132579,17
2937,132596,18
2938,132614,22
2939,132636,18
2940,132654,27
2941,132681,22
2942,132703,18
2943,132721,18
2944,132739,26
2945,132765,18
2946,132783,27
2947,132810,31
2948,132841,18
2949,132859,18
2950,132877,18
2951,132895,18
2952,132913,18
2953,132931,18
2954,132949,18
2955,132967,18
2956,132985,18
2957,133003,31
2958,133034,57
2959,133091,27
2960,133118,27
2961,133145,18
2962,133163,18
2963,133181,18
2964,133199,18
2965,133217,18
2966,133235,18
2967,133253,18
2968,133271,27
2969,133298,18
2970,133316,16
2971,133332,20
2972,133352,17
2973,133369,17
2974,133386,17
2975,133403,17
2976,133420,17
2977,133437,39
2978,133476,33
2979,133509,17
2980,133526,17
2981,133543,17
2982,133560,28
2983,133588,36
2984,133624,17
2985,133641,33
2986,133674,20
2987,133694,17
2988,133711,17
2989,133728,17
2990,133745,26
2991,133771,17
2992,133788,17
2993,133805,17
2994,133822,19
2995,133841,22
2996,133863,17
2997,133880,26
2998,133906,24
2999,133930,17
3000,133947,21
3001,133968,58
3002,134026,17
3003,134043,17
3004,134060,17
3005,134077,24
3006,134101,28
3007,134129,60
3008,134189,30
3009,134219,27
3010,134246,35
3011,134281,18
3012,134299,18
3013,134317,26
3014,134343,22
3015,134365,18
3016,134383,18
3017,134401,45
3018,134446,18
3019,134464,18
3020,134482,18
3021,134500,22
3022,134522,18
3023,134540,18
3024,134558,18
3025,134576,39
3026,134615,18
3027,134633,18
3028,134651,18
3029,134669,18
3030,134687,22
3031,134709,18
3032,134727,18
3033,134745,18
3034,134763,18
3035,134781,18
3036,134799,18
3037,134817,18
3038,134835,18
3039,134853,25
3040,134878,21
3041,134899,20
3042,134919,17
3043,134936,17
3044,134953,17
3045,134970,17
3046,134987,17
3047,135004,46
3048,135050,29
3049,135079,26
3050,135105,17
3051,135122,29
3052,135151,35
3053,135186,17
3054,135203,18
3055,135221,36
3056,135257,18
3057,135275,18
3058,135293,18
3059,135311,18
3060,135329,18
3061,135347,18
3062,135365,18
3063,135383,18
3064,135401,18
3065,135419,29
3066,135448,18
3067,135466,22
3068,135488,22
3069,135510,27
3070,135537,27
3071,135564,18
3072,135582,24
3073,135606,15
3074,135621,30
3075,135651,22
3076,135673,26
3077,135699,20
3078,135719,16
3079,135735,20
3080,135755,20
3081,135775,16
3082,135791,61
3083,135852,39
3084,135891,20
3085,135911,16
3086,135927,16
3087,135943,25
3088,135968,16
3089,135984,16
3090,136000,16
3091,136016,17
3092,136033,25
3093,136058,47
3094,136105,17
3095,136122,17
3096,136139,35
3097,136174,25
3098,136199,21
3099,136220,25
3100,136245,17
3101,136262,17
3102,136279,26
3103,136305,17
3104,136322,17
3105,136339,21
3106,136360,17
3107,136377,17
3108,136394,17
3109,136411,17
3110,136428,17
3111,136445,17
3112,136462,17
3113,136479,25
3114,136504,17
3115,136521,17
3116,136538,17
3117,136555,21
3118,136576,17
3119,136593,17
3120,136610,17
3121,136627,17
3122,136644,16
3123,136660,31
3124,136691,17
3125,136708,20
3126,136728,21
3127,136749,17
3128,136766,17
3129,136783,22
3130,136805,22
3131,136827,27
3132,136854,18
3133,136872,30
3134,136902,18
3135,136920,18
3136,136938,18
3137,136956,18
3138,136974,18
3139,136992,22
3140,137014,18
3141,137032,30
3142,137062,18
3143,137080,22
3144,137102,18
3145,137120,26
3146,137146,18
3147,137164,18
3148,137182,18
3149,137200,38
3150,137238,22
3151,137260,18
3152,137278,18
3153,137296,18
3154,137314,18
3155,137332,27
3156,137359,18
3157,137377,18
3158,137395,18
3159,137413,18
3160,137431,18
3161,137449,16
3162,137465,16
3163,137481,17
3164,137498,17
3165,137515,17
3166,137532,21
3167,137553,17
3168,137570,17
3169,137587,44
3170,137631,17
3171,137648,25
3172,137673,17
3173,137690,29
3174,137719,29
3175,137748,47
3176,137795,17
3177,137812,17
3178,137829,18
3179,137847,18
3180,137865,18
3181,137883,27
3182,137910,18
3183,137928,38
3184,137966,30
3185,137996,18
3186,138014,27
3187,138041,18
3188,138059,34
3189,138093,18
3190,138111,18
3191,138129,18
3192,138147,57
3193,138204,24
3194,138228,22
3195,138250,18
3196,138268,18
3197,138286,32
3198,138318,18
3199,138336,27
3200,138363,18
3201,138381,18
3202,138399,27
3203,138426,27
3204,138453,18
3205,138471,39
3206,138510,21
3207,138531,21
3208,138552,30
3209,138582,17
3210,138599,24
3211,138623,24
3212,138647,27
3213,138674,17
3214,138691,45
3215,138736,25
3216,138761,21
3217,138782,17
3218,138799,26
3219,138825,34
3220,138859,18
3221,138877,18
3222,138895,18
3223,138913,18
3224,138931,18
3225,138949,18
3226,138967,42
3227,139009,48
3228,139057,35
3229,139092,16
3230,139108,16
3231,139124,20
3232,139144,17
3233,139161,24
3234,139185,26
3235,139211,33
3236,139244,21
3237,139265,30
3238,139295,29
3239,139324,17
3240,139341,17
3241,139358,37
3242,139395,17
3243,139412,54
3244,139466,29
3245,139495,17
3246,139512,25
3247,139537,17
3248,139554,18
3249,139572,18
3250,139590,27
3251,139617,33
3252,139650,51
3253,139701,27
3254,139728,39
3255,139767,18
3256,139785,18
3257,139803,40
3258,139843,18
3259,139861,18
3260,139879,35
3261,139914,31
3262,139945,26
3263,139971,22
3264,139993,18
3265,140011,18
3266,140029,18
3267,140047,18
3268,140065,27
3269,140092,31
3270,140123,18
3271,140141,22
3272,140163,18
3273,140181,18
3274,140199,18
3275,140217,18
3276,140235,18
3277,140253,18
3278,140271,27
3279,140298,34
3280,140332,29
3281,140361,18
3282,140379,26
3283,140405,27
3284,140432,18
3285,140450,18
3286,140468,22
3287,140490,22
3288,140512,26
3289,140538,22
3290,140560,18
3291,140578,18
3292,140596,18
3293,140614,18
3294,140632,22
3295,140654,18
3296,140672,26
3297,140698,18
3298,140716,18
3299,140734,30
3300,140764,26
3301,140790,27
3302,140817,54
3303,140871,18
3304,140889,18
3305,140907,18
3306,140925,18
3307,140943,18
3308,140961,22
3309,140983,22
3310,141005,18
3311,141023,18
3312,141041,18
3313,141059,18
3314,141077,22
3315,141099,18
3316,141117,18
3317,141135,18
3318,141153,18
3319,141171,18
3320,141189,36
3321,141225,18
3322,141243,18
3323,141261,18
3324,141279,18
3325,141297,18
3326,141315,18
3327,141333,24
3328,141357,16
3329,141373,23
3330,141396,16
3331,141412,25
3332,141437,17
3333,141454,17
3334,141471,17
3335,141488,17
3336,141505,17
3337,141522,17
3338,141539,25
3339,141564,25
3340,141589,21
3341,141610,65
3342,141675,18
3343,141693,18
3344,141711,18
3345,141729,18
3346,141747,18
3347,141765,18
3348,141783,26
3349,141809,18
3350,141827,18
3351,141845,18
3352,141863,27
3353,141890,18
3354,141908,49
3355,141957,18
3356,141975,18
3357,141993,18
3358,142011,18
3359,142029,18
3360,142047,18
3361,142065,18
3362,142083,27
3363,142110,18
3364,142128,18
3365,142146,30
3366,142176,18
3367,142194,26
3368,142220,18
3369,142238,18
3370,142256,71
3371,142327,46
3372,142373,17
3373,142390,41
3374,142431,26
3375,142457,17
3376,142474,17
3377,142491,17
3378,142508,17
3379,142525,17
3380,142542,17
3381,142559,17
3382,142576,17
3383,142593,26
3384,142619,18
3385,142637,22
3386,142659,18
3387,142677,18
3388,142695,18
3389,142713,18
3390,142731,18
3391,142749,18
3392,142767,18
3393,142785,18
3394,142803,16
3395,142819,53
3396,142872,17
3397,142889,17
3398,142906,20
3399,142926,31
3400,142957,20
3401,142977,30
3402,143007,30
3403,143037,17
3404,143054,30
3405,143084,17
3406,143101,30
3407,143131,17
3408,143148,21
3409,143169,43
3410,143212,17
3411,143229,25
3412,143254,26
3413,143280,17
3414,143297,18
3415,143315,18
3416,143333,27
3417,143360,27
3418,143387,18
3419,143405,18
3420,143423,18
3421,143441,25
3422,143466,32
3423,143498,17
3424,143515,18
3425,143533,18
3426,143551,18
3427,143569,18
3428,143587,18
3429,143605,26
3430,143631,18
3431,143649,18
3432,143667,36
3433,143703,18
3434,143721,18
3435,143739,18
3436,143757,18
3437,143775,22
3438,143797,18
3439,143815,18
3440,143833,18
3441,143851,18
3442,143869,18
3443,143887,27
3444,143914,18
3445,143932,28
3446,143960,25
3447,143985,17
3448,144002,23
3449,144025,32
3450,144057,17
3451,144074,17
3452,144091,26
3453,144117,17
3454,144134,17
3455,144151,24
3456,144175,20
3457,144195,26
3458,144221,18
3459,144239,18
3460,144257,18
3461,144275,27
3462,144302,18
3463,144320,18
3464,144338,18
3465,144356,18
3466,144374,18
3467,144392,18
3468,144410,30
3469,144440,34
3470,144474,37
3471,144511,33
3472,144544,33
3473,144577,26
3474,144603,26
3475,144629,26
3476,144655,22
3477,144677,30
3478,144707,26
3479,144733,18
3480,144751,30
3481,144781,18
3482,144799,39
3483,144838,34
3484,144872,26
3485,144898,18
3486,144916,26
3487,144942,18
3488,144960,18
3489,144978,18
3490,144996,26
3491,145022,22
3492,145044,26
3493,145070,18
3494,145088,18
3495,145106,22
3496,145128,18
3497,145146,18
3498,145164,26
3499,145190,18
3500,145208,22
3501,145230,30
3502,145260,18
3503,145278,18
3504,145296,18
3505,145314,18
3506,145332,18
3507,145350,18
3508,145368,18
3509,145386,18
3510,145404,18
3511,145422,18
3512,145440,18
3513,145458,18
3514,145476,18
3515,145494,18
3516,145512,18
3517,145530,18
3518,145548,18
3519,145566,18
3520,145584,18
3521,145602,26
3522,145628,18
3523,145646,18
3524,145664,22
3525,145686,18
3526,145704,18
3527,145722,18
3528,145740,18
3529,145758,18
3530,145776,18
3531,145794,22
3532,145816,22
3533,145838,18
3534,145856,18
3535,145874,16
3536,145890,16
3537,145906,20
3538,145926,17
3539,145943,17
3540,145960,26
3541,145986,17
3542,146003,17
3543,146020,18
3544,146038,18
3545,146056,18
3546,146074,18
3547,146092,18
3548,146110,18
3549,146128,18
3550,146146,18
3551,146164,16
3552,146180,17
3553,146197,21
3554,146218,17
3555,146235,24
3556,146259,26
3557,146285,18
3558,146303,22
3559,146325,27
3560,146352,18
3561,146370,22
3562,146392,36
3563,146428,40
3564,146468,30
3565,146498,18
3566,146516,18
3567,146534,27
3568,146561,18
3569,146579,18
3570,146597,33
3571,146630,21
3572,146651,17
3573,146668,21
3574,146689,17
3575,146706,30
3576,146736,28
3577,146764,26
3578,146790,17
3579,146807,17
3580,146824,17
3581,146841,26
3582,146867,18
3583,146885,18
3584,146903,18
3585,146921,18
3586,146939,22
3587,146961,38
3588,146999,18
3589,147017,18
3590,147035,18
3591,147053,18
3592,147071,18
3593,147089,38
3594,147127,18
3595,147145,18
3596,147163,18
3597,147181,18
3598,147199,18
3599,147217,18
3600,147235,18
3601,147253,18
3602,147271,18
3603,147289,16
3604,147305,19
3605,147324,16
3606,147340,26
3607,147366,17
3608,147383,25
3609,147408,41
3610,147449,17
3611,147466,18
3612,147484,61
3613,147545,25
3614,147570,21
3615,147591,21
3616,147612,17
3617,147629,30
3618,147659,17
3619,147676,17
3620,147693,17
3621,147710,17
3622,147727,17
3623,147744,17
3624,147761,36
3625,147797,18
3626,147815,18
3627,147833,18
3628,147851,35
3629,147886,18
3630,147904,18
3631,147922,18
3632,147940,22
3633,147962,18
3634,147980,18
3635,147998,18
3636,148016,18
3637,148034,26
3638,148060,18
3639,148078,18
3640,148096,18
3641,148114,18
3642,148132,18
3643,148150,27
3644,148177,18
3645,148195,18
3646,148213,31
3647,148244,18
3648,148262,18
3649,148280,18
3650,148298,30
3651,148328,30
3652,148358,18
3653,148376,18
3654,148394,18
3655,148412,18
3656,148430,18
3657,148448,18
3658,148466,25
3659,148491,18
3660,148509,18
3661,148527,22
3662,148549,18
3663,148567,22
3664,148589,18
3665,148607,18
3666,148625,18
3667,148643,16
3668,148659,16
3669,148675,46
3670,148721,16
3671,148737,21
3672,148758,17
3673,148775,17
3674,148792,21
3675,148813,44
3676,148857,21
3677,148878,45
3678,148923,21
3679,148944,24
3680,148968,18
3681,148986,18
3682,149004,22
3683,149026,27
3684,149053,18
3685,149071,18
3686,149089,27
3687,149116,18
3688,149134,18
3689,149152,18
3690,149170,22
3691,149192,22
3692,149214,30
3693,149244,18
3694,149262,58
3695,149320,43
3696,149363,18
3697,149381,39
3698,149420,18
3699,149438,22
3700,149460,18
3701,149478,18
3702,149496,18
3703,149514,18
3704,149532,18
3705,149550,18
3706,149568,18
3707,149586,18
3708,149604,22
3709,149626,18
3710,149644,18
3711,149662,42
3712,149704,26
3713,149730,27
3714,149757,18
3715,149775,18
3716,149793,18
3717,149811,18
3718,149829,16
3719,149845,25
3720,149870,17
3721,149887,20
3722,149907,41
3723,149948,17
3724,149965,24
3725,149989,17
3726,150006,17
3727,150023,21
3728,150044,17
3729,150061,18
3730,150079,18
3731,150097,18
3732,150115,25
3733,150140,49
3734,150189,17
3735,150206,17
3736,150223,17
3737,150240,17
3738,150257,17
3739,150274,17
3740,150291,26
3741,150317,17
3742,150334,17
3743,150351,17
3744,150368,21
3745,150389,34
3746,150423,18
3747,150441,26
3748,150467,22
3749,150489,51
3750,150540,18
3751,150558,27
3752,150585,22
3753,150607,18
3754,150625,27
3755,150652,18
3756,150670,27
3757,150697,22
3758,150719,31
3759,150750,18
3760,150768,18
3761,150786,26
3762,150812,27
3763,150839,35
3764,150874,18
3765,150892,18
3766,150910,35
3767,150945,18
3768,150963,18
3769,150981,18
3770,150999,18
3771,151017,18
3772,151035,27
3773,151062,40
3774,151102,18
3775,151120,18
3776,151138,35
3777,151173,18
3778,151191,18
3779,151209,26
3780,151235,44
3781,151279,22
3782,151301,18
3783,151319,26
3784,151345,34
3785,151379,18
3786,151397,18
3787,151415,18
3788,151433,26
3789,151459,27
3790,151486,27
3791,151513,21
3792,151534,17
3793,151551,21
3794,151572,17
3795,151589,17
3796,151606,17
3797,151623,18
3798,151641,30
3799,151671,27
3800,151698,18
3801,151716,18
3802,151734,26
3803,151760,18
3804,151778,18
3805,151796,18
3806,151814,18
3807,151832,18
3808,151850,26
3809,151876,18
3810,151894,22
3811,151916,18
3812,151934,18
3813,151952,35
3814,151987,33
3815,152020,18
3816,152038,18
3817,152056,35
3818,152091,18
3819,152109,17
3820,152126,17
3821,152143,17
3822,152160,17
3823,152177,17
3824,152194,17
3825,152211,17
3826,152228,35
3827,152263,17
3828,152280,17
3829,152297,17
3830,152314,17
3831,152331,18
3832,152349,18
3833,152367,17
3834,152384,17
3835,152401,17
3836,152418,24
3837,152442,17
3838,152459,20
3839,152479,17
3840,152496,17
3841,152513,17
3842,152530,18
3843,152548,18
3844,152566,18
3845,152584,18
3846,152602,18
3847,152620,18
3848,152638,18
3849,152656,17
3850,152673,17
3851,152690,17
3852,152707,17
3853,152724,17
3854,152741,25
3855,152766,18
3856,152784,18
3857,152802,26
3858,152828,18
3859,152846,18
3860,152864,18
3861,152882,22
3862,152904,20
3863,152924,16
3864,152940,16
3865,152956,16
3866,152972,28
3867,153000,28
3868,153028,28
3869,153056,16
3870,153072,16
3871,153088,19
3872,153107,20
3873,153127,17
3874,153144,17
3875,153161,21
3876,153182,17
3877,153199,17
3878,153216,17
3879,153233,17
3880,153250,17
3881,153267,17
3882,153284,17
3883,153301,17
3884,153318,17
3885,153335,17
3886,153352,17
3887,153369,17
3888,153386,17
3889,153403,26
3890,153429,17
3891,153446,30
3892,153476,18
3893,153494,18
3894,153512,22
3895,153534,31
3896,153565,18
3897,153583,22
3898,153605,18
3899,153623,27
3900,153650,22
3901,153672,18
3902,153690,18
3903,153708,18
3904,153726,18
3905,153744,18
3906,153762,22
3907,153784,27
3908,153811,18
3909,153829,18
3910,153847,18
3911,153865,18
3912,153883,18
3913,153901,18
3914,153919,18
3915,153937,18
3916,153955,18
3917,153973,17
3918,153990,21
3919,154011,25
3920,154036,17
3921,154053,17
3922,154070,17
3923,154087,17
3924,154104,17
3925,154121,26
3926,154147,18
3927,154165,30
3928,154195,18
3929,154213,27
3930,154240,18
3931,154258,18
3932,154276,18
3933,154294,18
3934,154312,18
3935,154330,26
3936,154356,22
3937,154378,18
3938,154396,18
3939,154414,26
3940,154440,18
3941,154458,18
3942,154476,18
3943,154494,18
3944,154512,18
3945,154530,18
3946,154548,18
3947,154566,26
3948,154592,18
3949,154610,18
3950,154628,18
3951,154646,18
3952,154664,58
3953,154722,23
3954,154745,32
3955,154777,25
3956,154802,25
3957,154827,17
3958,154844,25
3959,154869,40
3960,154909,25
3961,154934,29
3962,154963,29
3963,154992,17
3964,155009,33
3965,155042,26
3966,155068,18
3967,155086,18
3968,155104,18
3969,155122,18
3970,155140,18
3971,155158,27
3972,155185,18
3973,155203,18
3974,155221,22
3975,155243,18
3976,155261,18
3977,155279,18
3978,155297,18
3979,155315,18
3980,155333,18
3981,155351,18
3982,155369,18
3983,155387,18
3984,155405,18
3985,155423,18
3986,155441,17
3987,155458,27
3988,155485,17
3989,155502,17
3990,155519,17
3991,155536,17
3992,155553,17
3993,155570,17
3994,155587,17
3995,155604,17
3996,155621,18
3997,155639,26
3998,155665,18
3999,155683,18
4000,155701,27
4001,155728,16
4002,155744,40
4003,155784,21
4004,155805,30
4005,155835,18
4006,155853,18
4007,155871,18
4008,155889,18
4009,155907,18
4010,155925,18
4011,155943,18
4012,155961,18
4013,155979,18
4014,155997,18
4015,156015,27
4016,156042,18
4017,156060,18
4018,156078,18
4019,156096,18
4020,156114,18
4021,156132,18
4022,156150,18
4023,156168,18
4024,156186,18
4025,156204,30
4026,156234,18
4027,156252,27
4028,156279,18
4029,156297,18
4030,156315,18
4031,156333,18
4032,156351,18
4033,156369,18
4034,156387,18
4035,156405,18
4036,156423,18
4037,156441,18
4038,156459,18
4039,156477,18
4040,156495,19
4041,156514,16
4042,156530,16
4043,156546,16
4044,156562,17
4045,156579,17
4046,156596,17
4047,156613,17
4048,156630,17
4049,156647,16
4050,156663,17
4051,156680,17
4052,156697,17
4053,156714,17
4054,156731,18
4055,156749,18
4056,156767,18
4057,156785,18
4058,156803,18
4059,156821,18
4060,156839,18
4061,156857,22
4062,156879,18
4063,156897,18
4064,156915,18
4065,156933,18
4066,156951,18
4067,156969,18
4068,156987,18
4069,157005,18
4070,157023,18
4071,157041,18
4072,157059,18
4073,157077,21
4074,157098,21
4075,157119,17
4076,157136,17
4077,157153,17
4078,157170,17
4079,157187,17
4080,157204,20
4081,157224,17
4082,157241,20
4083,157261,17
4084,157278,17
4085,157295,17
4086,157312,17
4087,157329,17
4088,157346,17
4089,157363,17
4090,157380,18
4091,157398,22
4092,157420,18
4093,157438,18
4094,157456,18
4095,157474,18
4096,157492,18
4097,157510,18
4098,157528,35
4099,157563,18
4100,157581,18
4101,157599,18
4102,157617,18
4103,157635,18
4104,157653,18
4105,157671,18
4106,157689,18
4107,157707,18
4108,157725,18
4109,157743,18
4110,157761,18
4111,157779,18
4112,157797,26
4113,157823,18
4114,157841,18
4115,157859,18
4116,157877,18
4117,157895,18
4118,157913,30
4119,157943,27
4120,157970,22
4121,157992,18
4122,158010,18
4123,158028,18
4124,158046,16
4125,158062,25
4126,158087,17
4127,158104,17
4128,158121,25
4129,158146,21
4130,158167,17
4131,158184,25
4132,158209,17
4133,158226,18
4134,158244,18
4135,158262,18
4136,158280,18
4137,158298,18
4138,158316,26
4139,158342,18
4140,158360,38
4141,158398,18
4142,158416,18
4143,158434,18
4144,158452,18
4145,158470,22
4146,158492,18
4147,158510,18
4148,158528,18
4149,158546,18
4150,158564,18
4151,158582,18
4152,158600,18
4153,158618,18
4154,158636,22
4155,158658,18
4156,158676,18
4157,158694,18
4158,158712,18
4159,158730,22
4160,158752,18
4161,158770,18
4162,158788,18
4163,158806,18
4164,158824,18
4165,158842,22
4166,158864,22
4167,158886,22
4168,158908,18
4169,158926,18
4170,158944,18
4171,158962,18
4172,158980,18
4173,158998,16
4174,159014,27
4175,159041,16
4176,159057,17
4177,159074,17
4178,159091,17
4179,159108,17
4180,159125,21
4181,159146,17
4182,159163,25
4183,159188,17
4184,159205,17
4185,159222,17
4186,159239,25
4187,159264,17
4188,159281,22
4189,159303,18
4190,159321,18
4191,159339,18
4192,159357,18
4193,159375,18
4194,159393,18
4195,159411,75
4196,159486,15
4197,159501,15
4198,159516,15
4199,159531,16
4200,159547,16
4201,159563,16
4202,159579,19
4203,159598,20
4204,159618,36
4205,159654,16
4206,159670,40
4207,159710,17
4208,159727,21
4209,159748,17
4210,159765,17
4211,159782,17
4212,159799,17
4213,159816,17
4214,159833,17
4215,159850,17
4216,159867,17
4217,159884,17
4218,159901,17
4219,159918,17
4220,159935,17
4221,159952,17
4222,159969,17
4223,159986,17
4224,160003,21
4225,160024,17
4226,160041,17
4227,160058,21
4228,160079,21
4229,160100,17
4230,160117,21
4231,160138,17
4232,160155,21
4233,160176,17
4234,160193,17
4235,160210,17
4236,160227,17
4237,160244,17
4238,160261,26
4239,160287,17
4240,160304,17
4241,160321,17
4242,160338,17
4243,160355,17
4244,160372,17
4245,160389,17
4246,160406,17
4247,160423,17
4248,160440,17
4249,160457,17
4250,160474,18
4251,160492,18
4252,160510,18
4253,160528,18
4254,160546,22
4255,160568,18
4256,160586,18
4257,160604,18
4258,160622,18
4259,160640,18
4260,160658,18
4261,160676,18
4262,160694,18
4263,160712,22
4264,160734,18
4265,160752,18
4266,160770,22
4267,160792,18
4268,160810,18
4269,160828,18
4270,160846,18
4271,160864,18
4272,160882,18
4273,160900,18
4274,160918,18
4275,160936,18
4276,160954,18
4277,160972,18
4278,160990,18
4279,161008,18
4280,161026,18
